function check_deconv()


r13a = [          -0
-5.03453e-05
-0.000374316
 -0.00117537
 -0.00259493
 -0.00472559
 -0.00762187
  -0.0113089
  -0.0157893
  -0.0210492
   -0.027062
  -0.0337927
  -0.0412002
  -0.0492397
  -0.0578645
  -0.0670268
  -0.0766794
   -0.086776
  -0.0972717
   -0.108124
   -0.119291
   -0.130734
   -0.142419
   -0.154309
   -0.166375
   -0.178586
   -0.190915
   -0.203337
   -0.215829
   -0.228369
   -0.240937
   -0.253516
   -0.266089
   -0.278641
   -0.291158
   -0.303626
   -0.316035
   -0.328374
   -0.340633
   -0.352804
   -0.364879
   -0.376849
    -0.38871
   -0.400455
   -0.412078
   -0.423576
   -0.434943
   -0.446176
   -0.457272
   -0.468227
   -0.479039
   -0.489707
   -0.500227
   -0.510598
    -0.52082
    -0.53089
   -0.540809
   -0.550575
   -0.560187
   -0.569647
   -0.578953
   -0.588106
   -0.597106
   -0.605953
   -0.614648
   -0.623192
   -0.631585
   -0.639829
   -0.647923
    -0.65587
   -0.663671
   -0.671326
   -0.678837
   -0.686205
   -0.693432
    -0.70052
   -0.707469
   -0.714281
   -0.720958
   -0.727502
   -0.733914
   -0.740196
    -0.74635
   -0.752377
   -0.758279
   -0.764059
   -0.769717
   -0.775256
   -0.780677
   -0.785982
   -0.791174
   -0.796253
   -0.801222
   -0.806083
   -0.810837
   -0.815487
   -0.820033
   -0.824479
   -0.828825
   -0.833073
   -0.837226
   -0.841284
    -0.84525
   -0.849126
   -0.852913
   -0.856612
   -0.860227
   -0.863757
   -0.867205
   -0.870573
   -0.873861
   -0.877073
   -0.880208
   -0.883269
   -0.886258
   -0.889175
   -0.892023
   -0.894802
   -0.897515
   -0.900162
   -0.902745
   -0.905265
   -0.907724
   -0.910123
   -0.912464
   -0.914747
   -0.916974
   -0.919146
   -0.921264
    -0.92333
   -0.925345
   -0.927309
   -0.929225
   -0.931093
   -0.932914
   -0.934689
    -0.93642
   -0.938106
   -0.939751
   -0.941354
   -0.942916
   -0.944438
   -0.945922
   -0.947367
   -0.948776
   -0.950149
   -0.951486
    -0.95279
   -0.954059
   -0.955296
   -0.956501
   -0.957675
   -0.958818
   -0.959932
   -0.961016
   -0.962073
   -0.963102
   -0.964104
    -0.96508
    -0.96603
   -0.966955
   -0.967856
   -0.968733
   -0.969587
   -0.970419
   -0.971229
   -0.972017
   -0.972784
   -0.973531
   -0.974258
   -0.974966
   -0.975655
   -0.976325
   -0.976978
   -0.977613
   -0.978231
   -0.978833
   -0.979418
   -0.979988
   -0.980543
   -0.981082
   -0.981607
   -0.982118
   -0.982615
   -0.983098
   -0.983569
   -0.984026
   -0.984472
   -0.984905
   -0.985326];
r13b = [-2.83714e-16
  -0.0157694
  -0.0569367
   -0.116276
   -0.188054
    -0.26776
   -0.351882
   -0.437716
   -0.523211
   -0.606836
   -0.687476
   -0.764347
   -0.836918
   -0.904862
   -0.968004
    -1.02629
    -1.07975
    -1.12847
    -1.17261
    -1.21234
    -1.24785
    -1.27936
    -1.30707
    -1.33121
    -1.35199
    -1.36961
    -1.38428
    -1.39619
    -1.40553
    -1.41248
     -1.4172
    -1.41984
    -1.42057
    -1.41951
     -1.4168
    -1.41256
    -1.40691
    -1.39996
    -1.39181
    -1.38256
    -1.37229
     -1.3611
    -1.34905
    -1.33622
    -1.32269
    -1.30852
    -1.29376
    -1.27848
    -1.26274
    -1.24657
    -1.23003
    -1.21317
    -1.19602
    -1.17862
    -1.16102
    -1.14324
    -1.12532
    -1.10728
    -1.08916
    -1.07099
    -1.05278
    -1.03456
    -1.01635
    -0.99818
   -0.980056
      -0.962
   -0.944029
   -0.926156
   -0.908397
   -0.890763
   -0.873267
    -0.85592
   -0.838731
   -0.821711
   -0.804866
   -0.788206
   -0.771736
   -0.755464
   -0.739393
   -0.723531
   -0.707881
   -0.692447
   -0.677232
   -0.662239
   -0.647472
   -0.632931
   -0.618619
   -0.604537
   -0.590686
   -0.577066
   -0.563678
   -0.550523
   -0.537598
   -0.524905
   -0.512443
    -0.50021
   -0.488206
   -0.476428
   -0.464877
   -0.453549
   -0.442444
   -0.431559
   -0.420892
   -0.410442
   -0.400205
    -0.39018
   -0.380364
   -0.370754
   -0.361349
   -0.352144
   -0.343139
   -0.334329
   -0.325712
   -0.317285
   -0.309045
    -0.30099
   -0.293117
   -0.285422
   -0.277903
   -0.270556
   -0.263379
   -0.256369
   -0.249523
   -0.242838
    -0.23631
   -0.229938
   -0.223718
   -0.217648
   -0.211723
   -0.205943
   -0.200303
   -0.194801
   -0.189435
   -0.184201
   -0.179096
   -0.174119
   -0.169267
   -0.164536
   -0.159924
    -0.15543
   -0.151049
    -0.14678
   -0.142621
   -0.138568
    -0.13462
   -0.130774
   -0.127028
    -0.12338
   -0.119827
   -0.116367
   -0.112999
   -0.109719
   -0.106526
   -0.103419
   -0.100394
  -0.0974502
  -0.0945854
  -0.0917977
  -0.0890854
  -0.0864466
  -0.0838794
  -0.0813823
  -0.0789534
  -0.0765911
  -0.0742938
  -0.0720598
  -0.0698877
  -0.0677757
  -0.0657226
  -0.0637267
  -0.0617866
   -0.059901
  -0.0580685
  -0.0562876
  -0.0545571
  -0.0528758
  -0.0512423
  -0.0496554
  -0.0481139
  -0.0466167
  -0.0451625
  -0.0437503
   -0.042379
  -0.0410475
  -0.0397548
  -0.0384998
  -0.0372816
  -0.0360991
  -0.0349515
  -0.0338378];
j13a = [0.00119971
0.00127372
0.00134901
0.00142671
0.00150806
 0.0015904
0.00163071
0.00135872
-0.0017178
-0.0318541
 -0.288998
  -1.31283
  -3.06056
  -4.69493
  -5.91112
  -6.80616
  -7.49411
  -8.04221
  -8.48973
  -8.86117
  -9.17263
  -9.43533
  -9.65746
  -9.84514
  -10.0031
   -10.135
   -10.244
  -10.3326
  -10.4028
  -10.4566
  -10.4955
  -10.5212
  -10.5349
  -10.5347
  -10.5285
  -10.5103
  -10.4836
  -10.4495
  -10.4081
  -10.3598
  -10.3057
  -10.2459
  -10.1808
  -10.1111
  -10.0369
   -9.9589
  -9.87699
   -9.7919
  -9.70349
  -9.61243
  -9.51855
  -9.42243
  -9.32397
  -9.22353
  -9.12128
  -9.01724
  -8.91176
   -8.8048
  -8.69652
  -8.58716
  -8.47669
  -8.36524
  -8.25299
  -8.13995
   -8.0262
  -7.91185
  -7.79702
  -7.68172
  -7.56601
  -7.44997
  -7.33369
  -7.21725
  -7.10065
  -6.98395
  -6.86719
  -6.75051
  -6.63394
   -6.5175
  -6.40121
  -6.28511
  -6.16929
  -6.05388
  -5.93888
   -5.8243
  -5.71019
  -5.59658
  -5.48352
   -5.3711
  -5.25938
   -5.1484
  -5.03821
  -4.92885
  -4.82038
  -4.71286
  -4.60634
  -4.50087
  -4.39636
  -4.29284
  -4.19041
  -4.08916
  -3.98918
  -3.89054
  -3.79331
  -3.69754
  -3.60328
  -3.51059
  -3.41948
  -3.33001
  -3.24184
  -3.15481
  -3.06907
  -2.98472
  -2.90186
  -2.82056
  -2.74089
  -2.66291
  -2.58664
  -2.51211
  -2.43935
  -2.36837
  -2.29916
  -2.23172
  -2.16606
  -2.10214
  -2.03997
   -1.9795
  -1.92074
  -1.86364
  -1.80817
  -1.75419
  -1.70161
  -1.65042
   -1.6006
  -1.55211
  -1.50495
  -1.45908
  -1.41448
  -1.37112
  -1.32899
  -1.28804
  -1.24826
  -1.20963
   -1.1721
  -1.13567
   -1.1003
  -1.06596
  -1.03264
   -1.0003
 -0.968917
 -0.938474
 -0.908943
 -0.880299
 -0.852519
 -0.825579
 -0.799457
  -0.77413
 -0.749577
 -0.725775
 -0.702703
 -0.680342
  -0.65867
 -0.637669
 -0.617318
 -0.597599
 -0.578493
 -0.559983
 -0.542051
  -0.52468
 -0.507853
 -0.491555
 -0.475768
 -0.460479
 -0.445672
 -0.431332
 -0.417445
 -0.403998
 -0.390977
 -0.378369
 -0.366162
 -0.354342
 -0.342899
  -0.33182
 -0.321095
 -0.310712
  -0.30066
  -0.29093
 -0.281512
 -0.272395
  -0.26357
 -0.255028
  -0.24676
 -0.238758
 -0.231013
 -0.223517
 -0.216263
 -0.209241
 -0.202446
  -0.19587];
